0, 6.478310000087327, 42.45424297723653, -76.51540146015358, 383.202112, 0.003111846221000508, 0.020159504492241548 
1, 6.478310000087327, 42.45428539934814, -76.51542196197128, 383.202112, 0.013166228596696486, 0.08529491038141458 
2, 6.478310000087327, 42.45446458754386, -76.51550983680535, 385.826784, 0.04990816394308232, 0.32332055755846795 
3, 6.478310000087327, 42.45512460402434, -76.51590762698363, 381.233608, 0.010793552538302525, 0.0699239793453532 
4, 6.478310000087327, 42.45524502358542, -76.51604250429915, 383.85828, 0.021601495785825327, 0.13994118616615647 
5, 6.478310000087327, 42.455541, -76.515906, 383.202112, 0.006875803910643037, 0.04454358923295834 
6, 6.478310000087327, 42.455634, -76.515954, 383.202112, 0.014001224670913382, 0.09070427379904755 
7, 6.478310000087327, 42.455796, -76.516119, 385.170616, 0.019043344431224966, 0.12336868866391201 
8, 6.478310000087327, 42.455943, -76.516435, 383.202112, 0.04414125483055003, 0.2859607325851553 
9, 6.478310000087327, 42.456434, -76.516989, 383.85828, 0.04909331159678737, 0.31804169145487077 
10, 6.478310000087327, 42.456894, -76.517723, 389.107624, 0.013594143247762973, 0.08806707414460248 
11, 6.478310000087327, 42.457061, -76.517864, 389.107624, 0.04734979457860378, 0.3067466477206495 
12, 6.478310000087327, 42.457735, -76.517696, 389.107624, 0.008972690179533824, 0.05812786851775933 
13, 6.478310000087327, 42.457855205122286, -76.51762938773155, 386.482952, 0.008957992645917012, 0.05803265333875292 
14, 6.478310000087327, 42.457939593399495, -76.51749597668648, 386.482952, 0.004467705501721651, 0.02894318122924854 
15, 6.478310000087327, 42.45794611722855, -76.51740877919796, 387.467204, 0.021149408935904734, 0.13701242740540792 
16, 6.478310000087327, 42.457977, -76.516996, 388.451456, 0.007419994782878586, 0.04806902640251814 
17, 6.478310000087327, 42.458049, -76.516888, 386.482952, 0.013436038488789544, 0.08704282250348352 
18, 6.478310000087327, 42.458228, -76.516785, 385.170616, 0.08008779563801835, 0.5188335673667245 
19, 6.478310000087327, 42.459359, -76.516441, 382.54594399999996, 0.01616369779795833, 0.10471344508290295 
20, 6.478310000087327, 42.45958, -76.516337, 387.13912, 0.013192949537347957, 0.08546801691844874 
21, 6.478310000087327, 42.459742, -76.5162, 385.826784, 0.013143026809303578, 0.0851446020101272 
22, 6.478310000087327, 42.459825, -76.515968, 387.795288, 0.01294896922716826, 0.0838874368351872 
23, 6.478310000087327, 42.459822, -76.515714, 386.482952, 0.029477807391395085, 0.1909663744043229 
24, 6.478310000087327, 42.45975, -76.515144, 381.88977600000004, 0.02311485173892375, 0.14974517517080568 
25, 6.478310000087327, 42.459818, -76.5147, 382.54594399999996, 0.024370210927105524, 0.15787778115330517 
26, 6.478310000087327, 42.459825, -76.514222, 380.57744, 0.014782729791275682, 0.0957671062354101 
27, 6.478310000087327, 42.45980562792856, -76.5139331840267, 381.88977600000004, 0.014915284885707095, 0.09662583922922764 
28, 6.478310000087327, 42.45998919376635, -76.51377920734022, 383.85828, 0.01876444829629319, 0.12156191304399779 
29, 6.478310000087327, 42.460227, -76.513957, 385.170616, 0.04523888019156203, 0.2930714899377488 
30, 6.478310000087327, 42.460668, -76.514613, 386.482952, 0.023723131338666683, 0.15368579898466944 
31, 6.478310000087327, 42.460945, -76.514888, 387.13912, 0.055806708591458164, 0.36153315834000277 
32, 6.478310000087327, 42.46153694546911, -76.5156328856003, 384.514448, 0.0014964804338979188, 0.00969466415985591 
33, 6.478310000087327, 42.46155281873659, -76.51565286011886, 381.88977600000004, 0.012941136295691262, 0.08383669267686977 
34, 6.478310000087327, 42.461669, -76.515852, 381.88977600000004, 0.013433890570162315, 0.08702890762076138 
35, 6.478310000087327, 42.461696, -76.516113, 383.85828, 0.026025955120916662, 0.1686042053216584 
36, 6.478310000087327, 42.461861, -76.516572, 383.85828, 0.05140896624025862, 0.3330432200884192 
37, 6.478310000087327, 42.462356, -76.517325, 383.85828, 0.010126857304262434, 0.06560492094366072 
38, 6.478310000087327, 42.462424, -76.517501, 383.202112, 0.015097433376936328, 0.0978058536214588 
39, 6.478310000087327, 42.462456, -76.517794, 380.57744, 0.016817831105673794, 0.10895112343166626 
40, 6.478310000087327, 42.46241, -76.518118, 381.233608, 0.030617023019947044, 0.19834656640302684 
41, 6.478310000087327, 42.462237, -76.518671, 379.921272, 0.011022732193404139, 0.07140867619681454 
42, 6.478310000087327, 42.462125, -76.518825, 379.26510399999995, 0.007899262659200901, 0.05117387227841761 
43, 6.478310000087327, 42.462023, -76.518895, 379.26510399999995, 0.009362903890475874, 0.06065579390352639 
44, 6.478310000087327, 42.461892, -76.518942, 380.57744, 0.018200117856886442, 0.11790600551503537 
45, 6.478310000087327, 42.461629, -76.518922, 380.57744, 0.02694809274277132, 0.17457809869877616 
46, 6.478310000087327, 42.461245365533685, -76.51882669199112, 381.561692, 0.006698874766905315, 0.043397387391775365 
47, 6.478310000087327, 42.46115, -76.518803, 382.54594399999996, 0.06152966224961064, 0.3986082262536483 
48, 6.478310000087327, 42.460331, -76.518329, 385.170616, 0.014733877113098802, 0.09545062344184577 
49, 6.478310000087327, 42.460158, -76.51816, 385.826784, 0.022002412102893446, 0.14253844635221705 
50, 6.478310000087327, 42.460033, -76.517763, 383.202112, 0.0325299701066576, 0.21073923064450173 
51, 6.478310000087327, 42.460022, -76.517125, 386.482952, 0.004711282248441882, 0.030521146903314953 
52, 6.478310000087327, 42.459992, -76.517042, 385.826784, 0.018812320544471055, 0.1218720443080951 
53, 6.478310000087327, 42.459747, -76.516881, 385.170616, 0.024320903819214146, 0.15755835442317706 
54, 6.478310000087327, 42.459395, -76.51688, 381.233608, 0.028634890319899214, 0.18550569631080688 
55, 6.478310000087327, 42.459008, -76.517081, 382.54594399999996, 0.01849546387335796, 0.11981934856702875 
56, 7.250292393502098, 42.458741, -76.517055, 381.88977600000004, 0.0449013551993795, 0.3255479540599971 
57, 7.250292393502098, 42.4581, -76.5172, 382.54594399999996, 0.008154299257574663, 0.05912105388153339 
58, 7.250292393502098, 42.458003865477295, -76.51729279072723, 382.54594399999996, 0.001600202955743369, 0.011601939318085723 
59, 7.250292393502098, 42.457985, -76.517311, 382.54594399999996, 0.010887974818388957, 0.07894100100640784 
60, 7.250292393502098, 42.457950776534986, -76.51751949570085, 392.388464, 0.009820082763122503, 0.07119847136102815 
61, 6.186273984307181, 42.45784160438864, -76.51764284540367, 398.29397600000004, 0.05551607039481204, 0.34343762199439176 
62, 6.186273984307181, 42.45705564002072, -76.51786909325408, 386.482952, 0.10049990183962317, 0.6217199281758862 
63, 6.186273984307181, 42.456022, -76.516482, 376.640432, 0.005369170886785043, 0.03321516217421783 
64, 6.186273984307181, 42.45595763173833, -76.51642299140165, 378.608936, 0.011108616965623106, 0.06872094813606759 
65, 6.186273984307181, 42.45587362820835, -76.51623718650818, 377.2966, 0.026394206605868987, 0.16328179366231604 
66, 6.455085581401411, 42.45563025260129, -76.51583809937097, 375.328096, 0.001359887335091541, 0.008778189129079796 
67, 6.455085581401411, 42.45564303414987, -76.51581781349184, 375.328096, 0.020564248280357175, 0.13274398256689235 
68, 6.455085581401411, 42.455792826073946, -76.51546922453689, 375.984264, 0.027942390569097583, 0.18037052247246857 
69, 6.455085581401411, 42.45587042338613, -76.51493127116395, 375.984264, 0.011182737236037046, 0.0721855258929434 
70, 6.455085581401411, 42.45584543024675, -76.51471453372956, 371.391088, 0.018208276718471184, 0.11753598450757034 
71, 6.455085581401411, 42.455739228770916, -76.51438763558197, 370.73492, 0.01131151329627945, 0.07301678638264382 
72, 6.455085581401411, 42.45572524544465, -76.51416655199118, 372.047256, 0.012782386349522916, 0.08251139782070759 
73, 6.455085581401411, 42.45570944382077, -76.51391672023773, 373.35959199999996, 0.03275469000186125, 0.2114343271542875 
74, 6.455085581401411, 42.455837423361075, -76.51329803802872, 370.078752, 0.03374495108534939, 0.21782654719613473 
75, 6.455085581401411, 42.45594743725251, -76.51265308465575, 375.984264, 0.015133169527331155, 0.09768590441677855 
76, 6.455085581401411, 42.45596402411354, -76.51235707335347, 374.671928, 0.0007381110507174496, 0.0047645700009592545 
77, 6.455085581401411, 42.455964833127496, -76.51234263558197, 373.35959199999996, 0.009647717388526454, 0.062276841408112786 
78, 6.455085581401411, 42.455857604122635, -76.51222141104506, 370.73492, 0.019236365577570396, 0.1241723860783411 
79, 6.455085581401411, 42.455590402724425, -76.51211541104509, 370.078752, 0.022069741810208727, 0.14246207214433024 
80, 6.455085581401411, 42.455271, -76.512111, 373.35959199999996, 0.006159186073366194, 0.03975807321535449 
81, 6.455085581401411, 42.455181969636484, -76.5121170717488, 373.031508, 0.003898950320346058, 0.02516805799546625 
82, 6.455085581401411, 42.45512561073448, -76.51212091534424, 372.703424, 0.027821426732418462, 0.17958969055445018 
83, 6.455085581401411, 42.454723, -76.512112, 371.391088, 0.03546698474896119, 0.22894242186880312 
84, 6.455085581401411, 42.454213, -76.512033, 372.703424, 0.017220139265603975, 0.11115747268312451 
85, 6.455085581401411, 42.45396379871066, -76.51202786011885, 369.422584, 0.022689320812113466, 0.14646150762606458 
86, 6.455085581401411, 42.45364039298975, -76.51210508465576, 370.73492, 0.015494822655416064, 0.10002040630934815 
87, 6.455085581401411, 42.45344060696493, -76.51224315459635, 370.078752, 0.02707365054380629, 0.17476273126122444 
88, 6.597831154620258, 42.45318979605187, -76.5126511829589, 369.75066799999996, 0.0013812630063054147, 0.009113340095726303 
89, 6.597831154620258, 42.453177, -76.512672, 369.422584, 0.003167324753670506, 0.0208974739365672 
90, 6.597831154620258, 42.4531385912355, -76.51263808465576, 370.73492, 0.03549637463818082, 0.23419908646386178 
91, 6.597831154620258, 42.45264117911356, -76.51246390893171, 371.063004, 0.0013812657265846772, 0.00911335804366957 
92, 6.597831154620258, 42.45262182338152, -76.51245713128279, 371.391088, 0.007200192814314795, 0.047505656469559066 
93, 6.597831154620258, 42.45256902456621, -76.51233536441804, 371.391088, 0.019398232912323014, 0.12798626545350483 
94, 6.4549426026440875, 42.452533, -76.511958, 372.703424, 0.01402473491639487, 0.09052885890262731 
95, 6.4549426026440875, 42.452346, -76.511851, 371.391088, 0.006127728503431469, 0.03955413577423628 
96, 6.4549426026440875, 42.45226640242735, -76.51179799140168, 370.73492, 0.018642832058159753, 0.12033841088615435 
97, 6.4549426026440875, 42.45205681254034, -76.51202829548224, 370.406836, 0.0014155560135114655, 0.009137332818044188 
98, 6.4549426026440875, 42.45204089831528, -76.51204578251092, 370.078752, 0.04411069957263642, 0.28473203390384516 
99, 6.4549426026440875, 42.451406, -76.511955, 372.047256, 0.025217534160824926, 0.16277773558834144 
100, 6.4549426026440875, 42.451049408117136, -76.51184957423973, 372.703424, 0.005315459347921851, 0.03431098499752352 
101, 6.4549426026440875, 42.45097267205454, -76.51184214534605, 372.37534, 0.0409884612710326, 0.26457816487521557 
102, 6.4549426026440875, 42.450380946500076, -76.51178486011885, 372.047256, 0.11592040758065299, 0.7482595774082236 
103, 6.4549426026440875, 42.448827600529974, -76.51264404662703, 371.391088, 0.019710207962163336, 0.12722826108194282 
104, 6.4549426026440875, 42.448558198428394, -76.51277118650817, 371.391088, 0.027545149216593005, 0.1778023571743746 
105, 6.4549426026440875, 42.448182, -76.51295, 372.047256, 0.014857648465444745, 0.09590526805470884 
106, 6.4549426026440875, 42.44798420102227, -76.51306432638931, 372.703424, 0.028894116601511727, 0.18650986421686383 
107, 6.4549426026440875, 42.447592, -76.513261, 373.35959199999996, 0.01923807050222367, 0.12418064087747409 
108, 6.4549426026440875, 42.447321992559004, -76.51335313988115, 373.35959199999996, 0.026845588308582743, 0.17328673166611477 
109, 6.4549426026440875, 42.446944, -76.513475, 373.35959199999996, 0.021267056903948905, 0.13727763164215584 
110, 6.4549426026440875, 42.446639796633356, -76.51353859755325, 374.01576, 0.019019666304857533, 0.12277085431929914 
111, 6.4549426026440875, 42.44636992934075, -76.51361217761986, 373.687676, 0.0022646407719649395, 0.014618126198641283 
112, 6.4549426026440875, 42.44633779668058, -76.51362093865777, 373.35959199999996, 0.0018546003256285663, 0.011971338652777429 
113, 6.4549426026440875, 42.44635899288173, -76.51364325644876, 374.01576, 0.035854298415157713, 0.2314374383279159 
114, 6.4549426026440875, 42.446869004863366, -76.51351347238732, 374.671928, 0.030365937903535988, 0.19601038624277933 
115, 6.4549426026440875, 42.447300205952025, -76.51339833250618, 375.984264, 0.01530225197792202, 0.0987751582086836 
116, 6.4549426026440875, 42.44751640450707, -76.5133332245369, 375.328096, 0.01844122824611151, 0.11903706985090869 
117, 6.4549426026440875, 42.44776980911855, -76.51321965029716, 374.671928, 0.0307285551669, 0.1983510598645219 
118, 6.4549426026440875, 42.448181, -76.51299, 373.35959199999996, 0.011211875414208098, 0.07237201226670968 
119, 6.4549426026440875, 42.44833520882646, -76.51292154232789, 373.35959199999996, 0.04479809681252834, 0.28916914363256346 
120, 6.4549426026440875, 42.44894341545639, -76.51261708465576, 374.671928, 0.10482841316959977, 0.6766613901360261 
121, 6.4549426026440875, 42.450341765106536, -76.51181930919265, 374.01576, 0.009776671317050421, 0.06310785219647724 
122, 6.4549426026440875, 42.450483201133935, -76.51181356564142, 373.35959199999996, 0.009428010108263368, 0.06085726410598831 
123, 6.4549426026440875, 42.45061919829025, -76.5118286736107, 372.703424, 0.018842669067294877, 0.12162834731000563 
124, 6.4549426026440875, 42.450891399228944, -76.51185131911795, 372.047256, 0.007725382604171716, 0.04986690129339354 
125, 6.4549426026440875, 42.451003, -76.51186060367013, 371.391088, 0.01658564806352935, 0.10705940627773701 
126, 6.4549426026440875, 42.451241, -76.511903, 373.35959199999996, 0.017642515010655294, 0.11388142176006666 
127, 6.4549426026440875, 42.451485, -76.512005, 372.047256, 0.037880854425026006, 0.24451874105265917 
128, 6.4549426026440875, 42.452031378365625, -76.51206644907379, 372.047256, 0.03417724268854912, 0.22061213987122186 
129, 6.4549426026440875, 42.4519764868065, -76.51273271307136, 371.719172, 0.006529421577289241, 0.04214704150986788 
130, 6.4549426026440875, 42.451966, -76.51286, 371.391088, 0.022173268870613792, 0.14312717787280693 
131, 6.4549426026440875, 42.45206394289574, -76.51327418914374, 372.37534, 0.007752319708674161, 0.05004077875683824 
132, 6.4549426026440875, 42.45209818613904, -76.51341899999998, 373.35959199999996, 0.03255826492218843, 0.2101617313144067 
133, 6.4549426026440875, 42.452241445720524, -76.51402741962954, 373.031508, 0.009309514269210176, 0.0600923802662478 
134, 6.4549426026440875, 42.45228240850283, -76.51420138773155, 372.703424, 0.020345183377693615, 0.13132699094328085 
135, 6.4549426026440875, 42.45238619512543, -76.51457486011888, 369.422584, 0.012433501769076793, 0.08025754026926442 
136, 6.4549426026440875, 42.45255590346504, -76.51465597420501, 372.047256, 0.04007514663110438, 0.2586827712963244 
137, 6.4549426026440875, 42.453095, -76.514946, 374.671928, 0.024290995787755607, 0.15679698357103175 
138, 6.4549426026440875, 42.45343798914127, -76.51505061915283, 374.01576, 0.024106196242861432, 0.1556041131157451 
139, 6.4549426026440875, 42.45377836891084, -76.51515444295693, 373.35959199999996, 0.033554190168956555, 0.21659037161881908 
